rank,uri,artist_names,track_name,source,peak_rank,previous_rank,days_on_chart,streams
1,"spotify:track:4zGtfOglDBfVUypabBwIjQ","Mc Zaac, Anitta, Tyga","Desce Pro Play (PA PA PA)","Universal Music Ltda.",1,1,20,"618740"
2,"spotify:track:2fmeSswdyVq4wcqhY41UHk","Pineapple StormTv, L7NNON, Chris MC, Xamã, Lourena, Cesar Mc, Djonga, Filipe Ret, Salve Malak, Hunter","Poesia Acústica #9: Melhor Forma","Pineapple StormTV",2,2,5,"581428"
3,"spotify:track:0AGS6ZRgzobrazmCi6pYMe","Niack","Na Raba Toma Tapão","Niack / Ritmo dos Fluxos",1,3,62,"470168"
4,"spotify:track:0RaIjuKU5hudMteEXwr4RS","Jorge & Mateus","Ranking","Som Livre",4,6,132,"371024"
5,"spotify:track:67mqU3FeErlvWwsxnMfvQo","MC Du Black, Delacruz","Tudo Aconteceu","Universal Music Ltda.",3,5,112,"370605"
6,"spotify:track:25gD4PQjxCLnwIY2n23aEl","Vitão, Luísa Sonza","Flores","Universal Music Ltda.",2,4,34,"366200"
7,"spotify:track:7o9LwQmTuIDm4LyyHFIWul","Henrique & Juliano","Volta Por Baixo - Ao Vivo","Virgin Music Label And Artist Services (S&D)",2,7,188,"352893"
8,"spotify:track:3tc8Z4lGzOIwmIVftsxO6o","Marília Mendonça","Graveto - Ao Vivo","Som Livre",3,8,188,"343428"
9,"spotify:track:4DngRKOpRPrkbzImUB0zgh","Matheus & Kauan","Litrão - Ao Vivo Em Recife / 2020","Universal Music Ltda.",2,9,167,"341379"
10,"spotify:track:3Ghyp3X5Ua9ypHnBIgOObI","Henrique & Juliano","Liberdade Provisória - Live - Ibirapuera / 2019","Virgin Music Label And Artist Services (S&D)",1,11,223,"322293"
11,"spotify:track:60wF0XnX7A0jVpDNA5v8vi","Vytinho NG, Bianca","Tudo no Sigilo","Vytinho Ng",3,10,120,"320333"
12,"spotify:track:7Ac3BmqTQoLdAt7HtZyfgN","DENNIS, Mc Don Juan","Te Prometo","Sony Music Entertainment",8,12,159,"318925"
13,"spotify:track:3WjSkl7VDWY1prwJw7dSG0","Zé Neto & Cristiano","Barzinho Aleatório - Ao Vivo","Som Livre",8,13,223,"315725"
14,"spotify:track:15k1TDabqSEmyXOwMq9RM7","Jonas Esticado","Investe Em Mim","Som Livre",14,15,19,"315435"
15,"spotify:track:2WlZuBDgLfT7Kc0admhFdg","Luísa Sonza","BRABA","Universal Music Ltda.",1,14,120,"309053"
16,"spotify:track:5GAdMAL3tRJkVN1HtwohK2","Mc Don Juan, Maiara & Maraisa","Vai Ter Que Aguentar","GR6 Music",16,16,45,"299211"
17,"spotify:track:3tv697PZNnaQN0Mn2zGhS5","Gusttavo Lima","A Gente Fez Amor - Ao Vivo","Sony Music Entertainment",1,17,223,"281543"
18,"spotify:track:24Yi9hE78yPEbZ4kxyoXAI","SAINt JHN, Imanbek","Roses - Imanbek Remix","Columbia/B1 Recordings",8,18,139,"269610"
19,"spotify:track:08Sd5vVcIH3uKeAiaJdoYj","Lauana Prado","Viva Voz - Ao Vivo Em São Paulo / 2019","Universal Music Ltda.",15,19,132,"266111"
20,"spotify:track:3J5Pu25BODMex4Jpy4l6FL","Luíza & Maurílio, Zé Neto & Cristiano","S de Saudade","Som Livre",6,21,258,"261384"
21,"spotify:track:0j1tGcJJfq1nIs4i5GoHXv","Luan Santana","ASAS","LS Music",15,23,32,"261038"
22,"spotify:track:3PfIrDoz19wz7qK7tYeu62","Dua Lipa","Don't Start Now","Warner Records",1,20,258,"257851"
23,"spotify:track:12v6LfkX9YIR3uLefIAAYZ","Mc Jacaré","Comprei um Lança","Mc Jacare / Los Pantchos",21,22,23,"255434"
24,"spotify:track:6NM06xgqxQ0HU5lxbt2JHi","Gusttavo Lima","Saudade Sua","Sony Music Entertainment",2,27,62,"249136"
25,"spotify:track:5PNvgiKSwMdjBsDsgFCFLX","Maverick Sabre, Jorja Smith, Vintage Culture, Slow Motion","Slow Down (feat. Jorja Smith) - Vintage Culture & Slow Motion Remix","Spinnin' Deep",12,24,104,"249010"
26,"spotify:track:6UelLqGlWMcVH1E5c4H7lY","Harry Styles","Watermelon Sugar","Columbia",23,25,155,"248945"
27,"spotify:track:5LpLYzpV0HWKI2DlPmNywg","Wesley Safadão, Zé Neto & Cristiano","Despedida - Ao Vivo","Som Livre",15,26,104,"241141"
28,"spotify:track:28atBekPVlTdnU4M9Z7udd","Dilsinho, Luísa Sonza, Malibu","Não Vai Embora","Malibu Studios",25,29,69,"237558"
29,"spotify:track:0VjIjW4GlUZAMYd2vXMi3b","The Weeknd","Blinding Lights","Republic Records",17,28,201,"234977"
30,"spotify:track:0SJtvFn4vqgJPscSbEPaql","Maiara & Maraisa, Dilsinho","Libera Ela - Ao Vivo","Som Livre",16,31,90,"232467"
31,"spotify:track:51uXmhqGR76tT2UeKZyeN6","Marília Mendonça, Maiara & Maraisa","Quero Você do Jeito Que Quiser","Som Livre",26,30,6,"230907"
32,"spotify:track:3oe0vGmQxem3DcarYMuzu1","Felipe Araújo","Mentira - Ao Vivo","Universal Music Ltda.",11,32,226,"229949"
33,"spotify:track:3oqC4Ta40ft6NnTJwcUTdi","Rashid, Lukinhas, Emicida","Pipa Voada (feat. Emicida)","Sony Music Entertainment",33,34,130,"223794"
34,"spotify:track:2MOq63fxuFLYQM3CsDcFs1","GIULIA BE","menina solta","WM Brazil",10,33,282,"220656"
35,"spotify:track:3056x1XkmICnQmji68rrft","Murilo Huff, Henrique & Juliano","Desejando Eu (Ao Vivo)","Artinvox",26,35,55,"216212"
36,"spotify:track:1Nmcs8zk7LfcvHRgLtTM5J","Orochi, Papatinho","Amor de Fim de Noite","Mainstreet Records",26,36,242,"216044"
37,"spotify:track:4x8XaoLvpo6kd51PZD16RK","Dilsinho, Henrique & Juliano","Sogra - Ao Vivo","Sony Music Entertainment",35,40,38,"213076"
38,"spotify:track:7eJMfftS33KTjuF7lTsMCx","Powfu, beabadoobee","death bed (coffee for your head)","Columbia",13,37,129,"213037"
39,"spotify:track:6nI98wtHOJAYSASq22TCYu","Luan Santana","água com açúcar - ao vivo","Som Livre",3,42,122,"210694"
40,"spotify:track:23zmMwD99ROi9yhxqMxWil","João Bosco & Vinicius, Matheus","Segunda Taça - Ao Vivo","João Bosco & Vinicius",19,39,146,"210413"
41,"spotify:track:3vAn0qZzdyuHamcrpkfiX3","BLACKPINK","How You Like That","YG Entertainment/Interscope Records",4,38,20,"206256"
42,"spotify:track:0GrEqRHf5FioT1hOB8PBxZ","Marília Mendonça","Vira Homem","Som Livre",22,41,76,"204154"
43,"spotify:track:6jcGoHrqfRW6fI2I6xtwBQ","MC Marks","Deus é por nós","WM Brazil",43,45,31,"199482"
44,"spotify:track:2PWjKmjyTZeDpmOUa3a5da","Jorge & Mateus","Cheirosa - Ao Vivo","Som Livre",3,43,279,"197466"
45,"spotify:track:2ptHQBO7TQhEkXOeK9ST59","Grupo Menos É Mais, Di Propósito, Vou Zuar","Pot-Pourri: Melhor Eu Ir / Ligando Os Fatos / Sonho de Amor / Deixa Eu Te Querer - Ao Vivo","Som Livre",30,44,43,"195546"
46,"spotify:track:4j2bK4fnc2s6GyVmhJsJhk","Henrique & Juliano","Briga Feia - Ao Vivo","Virgin Music Label And Artist Services (S&D)",21,47,216,"192369"
47,"spotify:track:1uryupl9hqVZYurJwH4G9k","Guilherme & Benuto","3 Batidas - Ao Vivo","Sony Music Entertainment",8,48,326,"190137"
48,"spotify:track:260n4ECk9j4IEvTAVBYojl","Matheus & Kauan","Nem Doeu - Ao Vivo","Universal Music Ltda.",33,46,48,"188698"
49,"spotify:track:5L8ZEyIdZ2KE4Wf51SsuOF","Gustavo Mioto","Com Ou Sem Mim - Ao Vivo","Universal Music Ltda.",5,49,237,"187891"
50,"spotify:track:1rgnBhdG2JDFTbYkYRZAku","Tones And I","Dance Monkey","Elektra (NEK)",5,51,297,"174680"
51,"spotify:track:0DWUfq7vSAArkz82XHnuGm","WC no Beat, LUDMILLA, Vitão","SEM LIMITES","Sony Music Entertainment",47,53,41,"170087"
52,"spotify:track:4cno0k9jDEFpLAQyHNjqVx","Anitta, Arcangel, De La Ghetto","Tócame (feat. Arcangel & De La Ghetto)","Warner Records",3,50,6,"168077"
53,"spotify:track:15kdyHRNcHSCTRjvHvmqrs","LUDMILLA, DJ Will22","Cobra Venenosa (feat. DJ Will22)","WM Brazil",37,52,13,"167906"
54,"spotify:track:3GmJxfnUDrIs1iCfKUELFz","Marília Mendonça","Supera - Ao Vivo","Som Livre",1,54,335,"161638"
55,"spotify:track:4p8pEdPYOQLzJUKYrLOacy","WC no Beat, PEDRO SAMPAIO, FP do Trem Bala","BALANÇA (feat. Pedro Sampaio)","Sony Music Entertainment",8,56,167,"158357"
56,"spotify:track:1GWUiFYLYEapxYHnASyOud","Wesley Safadão","Não Valeu","Som Livre",36,57,62,"156943"
57,"spotify:track:466cKvZn1j45IpxDdYZqdA","Drake","Toosie Slide","OVO",23,58,104,"156865"
58,"spotify:track:4lKuzrdZrJuCAedbIslF3A","PEDRO SAMPAIO, Felipe Original, JS o Mão de Ouro","SENTADÃO","WM Brazil",2,55,237,"155895"
59,"spotify:track:7ytR5pFWmSjzHJIeQkgog4","DaBaby, Roddy Ricch","ROCKSTAR (feat. Roddy Ricch)","South Coast Music Group/Interscope Records",55,62,68,"155826"
60,"spotify:track:7ju97lgwC2rKQ6wwsf9no9","Lady Gaga, Ariana Grande","Rain On Me (with Ariana Grande)","Interscope",1,61,55,"155310"
61,"spotify:track:2Ou6UYuUbNyqwXxRDSeFRf","Maiara & Maraisa","Aí Eu Bebo - Ao Vivo","Som Livre",13,60,272,"154994"
62,"spotify:track:017PF4Q3l4DBUiWoXk4OWT","Dua Lipa","Break My Heart","Warner Records",8,59,112,"154390"
63,"spotify:track:59CnMc5PR9GdDFEVOpHSg9","Dj W-Beatz, Ventura, Mc Rennan, MC Bruna Alves, MC BN, MC Rick","Rave do Papa - Deluxe (feat. Mc Rennan, MC Bruna Alves, MC BN & MC Rick) - Remix","Tratto Entretenimentos",59,64,34,"148887"
64,"spotify:track:7DmZMqXYgQ1oI3z3bGUEbi","GIULIA BE","(não) era amor","WM Brazil",40,65,100,"148452"
65,"spotify:track:2PqPSf3gtTED79rWGwVtYg","Diego & Victor Hugo","Áudio - Ao Vivo em Brasília","Sony Music Entertainment",23,63,369,"148310"
66,"spotify:track:2Q9TaUXNM4mNSCgJjbmsJe","Zé Neto & Cristiano","Bebi Minha Bicicleta (Coração Falido) - Ao Vivo","Som Livre",4,67,230,"142238"
67,"spotify:track:1xQ6trAsedVPCdbtDAmk0c","Jawsh 685, Jason Derulo","Savage Love (Laxed - Siren Beat)","Columbia",62,69,24,"141658"
68,"spotify:track:13Rf6RaZT13TW4xLQR3MQr","Pineapple StormTv, MC Cabelinho, Bob do Contra, Azzy, Filipe Ret, Dudu, Xamã, Orochi, Maquiny, Salve Malak, Hunter","Poesia Acústica #6: Era uma Vez","Pineapple StormTV",14,66,568,"141650"
69,"spotify:track:48CAeajgzcGJaVUSsXd7h0","Guilherme & Benuto, Israel & Rodolffo","Declaração pro Bar - Ao Vivo","Sony Music Entertainment",50,71,151,"137735"
70,"spotify:track:5JKaHAt4atuNoLqpyDgbyK","Pineapple StormTv, Froid, Xamã, Dk 47, Chris MC, Cynthia Luz, Luccas Carlos, Hunter","Poesia Acústica - Paris","Pineapple StormTV",68,68,118,"135358"
71,"spotify:track:7qEHsqek33rTcFNT9PFqLf","Lewis Capaldi","Someone You Loved","Vertigo Berlin",54,70,322,"133725"
72,"spotify:track:5yaXBGNko8lmFSOvKWo99j","Matheus & Kauan","Então Toma - Ao Vivo","Universal Music Ltda.",34,72,97,"132621"
73,"spotify:track:4xWzZmX4K1yyrdtRfbUvjt","Niack","Oh Juliana","Niack",73,76,7,"129927"
74,"spotify:track:0h5iRD8nlDtcn4rwbZzNgg","MC Kevinho","Te gusta","WM Brazil",60,73,40,"127378"
75,"spotify:track:71FrGl0XcpL3VId65tB5mg","Os Barões Da Pisadinha","Recairei - Ao Vivo","Sony Music Entertainment",59,75,63,"126183"
76,"spotify:track:22rcaYTa2UgcLCbeO0NoNj","Priscilla Alcantara, Whindersson Nunes","Girassol","Sony Music Entertainment",5,74,217,"121724"
77,"spotify:track:5fY9bVl1Wj4PIM3wnduWop","Marília Mendonça","Serenata - Ao Vivo","Som Livre",14,77,426,"121288"
78,"spotify:track:3dPvQLKl42dMYWV4LWRTLK","Os Barões Da Pisadinha","Tá Rocheda","Sony Music Entertainment",52,79,141,"120794"
79,"spotify:track:5n8Y78Pl5q8lqS7sJP61qw","Diego & Arnaldo","Relógio Parado (Ao Vivo)","Sony Music Entertainment",32,81,273,"118873"
80,"spotify:track:7Gk5OrMYaMRtT2JmgJVAfk","ANAVITÓRIA, Vitor Kley","Pupila","Universal Music Ltda.",14,78,377,"116742"
81,"spotify:track:63SHcJzckFykS8faA5zojY","MC Ingryd, DJ Henrique da VK","Vem Me Satisfazer","MC Ingryd",4,80,225,"116631"
82,"spotify:track:62aP9fBQKYKxi7PDXwcUAS","Surf Mesa, Emilee","ily (i love you baby) (feat. Emilee)","Astralwerks",65,82,66,"115418"
83,"spotify:track:4nsXVD1xw3BRMFUWx5gQRe","Di Propósito","Manda Áudio","Sony Music Entertainment",79,83,24,"113838"
84,"spotify:track:6hqJJY6rwAUS2zl9FsCQQH","Dilsinho","Deixa pra Amanhã - Ao Vivo","Sony Music Entertainment",53,84,79,"113330"
85,"spotify:track:2uhBCMHwS3SATOHIgM2KPF","Zé Neto & Cristiano","Textão - Ao Vivo","Som Livre",44,87,139,"112706"
86,"spotify:track:5U28PY9MekLyCBYtLHGQpe","Melim","Meu Abrigo","Universal Music Ltda.",1,85,783,"110974"
87,"spotify:track:3MkdA6vwF0ifRl86yzTlJW","Matuê","Kenny G","Sony Music Entertainment",5,86,315,"110125"
88,"spotify:track:17Ryox5vWKp92IDW87C5PI","Gusttavo Lima","Quem Traiu Levou - Ao Vivo","Sony Music Entertainment",14,94,308,"109033"
89,"spotify:track:5JsxHA8NttHWThpTCToK1J","Salvador Da Rima, NOG, Mc Kevin, MC Ryan SP, Mc Lele JP","Vergonha pra Midia","RapRJ Music",89,90,37,"106747"
90,"spotify:track:7ArNH109yIfwIquJ535fsi","Marcos & Belutti, Gaab","Certo e Duvidoso (feat. Gaab) - Ao Vivo","Sony Music Entertainment",55,95,169,"106284"
91,"spotify:track:5STHFaWYO1KeyITjvB4hR8","Marília Mendonça","Tentativas","Som Livre",20,92,153,"105576"
92,"spotify:track:6v3KW9xbzN5yKLt9YKDYA2","Shawn Mendes, Camila Cabello","Señorita","Island Records",2,89,391,"104497"
93,"spotify:track:6THoM5F4gvHguHHyLfxGjU","Solange Almeida, Márcia Fellipe","JBL","TSE",88,106,19,"103755"
94,"spotify:track:2RoWhAVtQrPU53BERYlmYZ","Pineapple StormTv, Cesar Mc, Elana Dara, Kayuá, Froid, Cynthia Luz, MV Bill, Bob do Contra, Hunter, Projota","Poesia Acústica #8: Amor e Samba","Pineapple StormTV",35,91,195,"102652"
95,"spotify:track:2TR917wkDeRvwTE5cSfZFf","Humberto & Ronaldo, Matheus & Kauan","Tchau Brigado - Ao Vivo","Humberto e Ronaldo",46,98,196,"102552"
96,"spotify:track:1AfNdxHdE4OLcnQUyC6j3i","MC JottaPê, MC Kekel, MC Kevinho","Eterna Sacanagem","KondZilla Records",19,88,272,"102258"
97,"spotify:track:4HBZA5flZLE435QTztThqH","Ariana Grande, Justin Bieber","Stuck with U (with Justin Bieber)","Ariana Grande & Justin Bieber ""Stuck With U""- Charity",15,93,69,"102091"
98,"spotify:track:7vpGKEUPrA4UEsS4o4W1tP","Pabllo Vittar","Amor de Que","Sony Music Entertainment",10,96,258,"101986"
99,"spotify:track:3ZROq16fQ1o2dWEGkHPHkJ","Yasmin Santos, Wesley Safadão","Saudade em Gotas (feat. Wesley Safadão) - Ao Vivo","Sony Music Entertainment",30,102,303,"101573"
100,"spotify:track:0XkmeG97T4mtYlWRJcrxec","StaySolidRocky, Lil Uzi Vert","Party Girl (Remix)","Columbia",100,-1,1,"100609"
101,"spotify:track:5OzvtpasMB3aPWpfVr0PsA","Luíza & Maurílio","Pode Sumir","Som Livre",83,97,48,"100552"
102,"spotify:track:3fLqmaO4vvZpFZSZy52VMp","Lagum, Ana Gabriela","Deixa (feat. Ana Gabriela)","Sony Music Entertainment",20,100,769,"99971"
103,"spotify:track:6gBFPUFcJLzWGx4lenP6h2","Travis Scott","goosebumps","Epic/Grand Hustle",32,116,136,"99427"
104,"spotify:track:3HXLUh9lzSrSLvrvLk2LjC","Henrique & Juliano","Se Eu Fosse Você - Ao Vivo","Virgin Music Label And Artist Services (S&D)",61,107,165,"99394"
105,"spotify:track:0v8OKUrqZGoEbgEUXScRSQ","Alok, THRDL!FE","Hear Me Tonight","Columbia/B1 Recordings",55,104,78,"99228"
106,"spotify:track:3H7ihDc1dqLriiWXwsc2po","Topic, A7S","Breaking Me","Virgin",105,105,28,"98756"
107,"spotify:track:7CHi4DtfK4heMlQaudCuHK","MEDUZA, Becky Hill, Goodboys","Lose Control","Virgin",53,99,223,"98349"
108,"spotify:track:5aayWOEE7u7bxZ3r7dwIrX","IZA","Meu talismã","WM Brazil",75,103,299,"98146"
109,"spotify:track:7qpXCkcr3Zj4LDvdiWryns","Diego & Victor Hugo","Erro Antigo - Ao Vivo","Sony Music Entertainment",53,115,174,"97316"
110,"spotify:track:72xB2J9ZeBl0Rzxq2XmzdY","João Gustavo e Murilo, Analaga","Lençol Dobrado","WM Brazil",2,109,619,"97298"
111,"spotify:track:2rRA0VNb8RcaUMAmgWFoCL","Yasmin Santos, Marília Mendonça","Para Pensa e Volta (feat. Marília Mendonça) - Ao Vivo","Sony Music Entertainment",19,114,384,"97295"
112,"spotify:track:0hDphSo7vI7gCjEPpD6gu0","GIULIA BE","se essa vida fosse um filme","WM Brazil",112,125,3,"96074"
113,"spotify:track:1qCLx3nX25NuhfPjM5E1qV","Melim","Ouvi Dizer","Universal Music Ltda.",10,110,726,"95566"
114,"spotify:track:6toDZSoqG5QUitFsoxavRy","Vitão, Anitta","Complicado","Universal Music Ltda.",8,112,284,"95486"
115,"spotify:track:0nbXyq5TXYPCO7pr3N8S4I","Roddy Ricch","The Box","Atlantic Records",26,108,187,"95330"
116,"spotify:track:6QwFUcPc5nhsqZuhXUYtV7","Jorge & Mateus","Tijolão - Ao Vivo","Som Livre",1,117,419,"94870"
117,"spotify:track:6HaTYIUKd8SzdvGOfutBRD","Delacruz, Maria, Ducon, Luiz Lins, Diomedes Chinaski, BK, Kayuá, Pineapple StormTv, Salve Malak","Poesia Acústica #2: Sobre Nós","PineappleStorm",76,101,558,"94176"
118,"spotify:track:2FGhB10Gon36GgFcOTMQEW","Pineapple StormTv, MC Hariel, Negra Li, Ducon, MC Kevin o Chris, Chris MC, Matuê, Dk 47, Vitão, Salve Malak, Hunter","Poesia Acústica #7: Céu Azul","Pineapple StormTV",21,111,359,"93486"
119,"spotify:track:5MArTXEVyKBwoodjdy04fk","Zé Felipe, Gusttavo Lima","Tiro Certo - Ao Vivo","Som Livre",14,126,398,"93482"
120,"spotify:track:7McCAKExE8KsI2q4Y8wx4U","Murilo Huff, Marília Mendonça","Dois Enganados","Artinvox",41,124,412,"93393"
121,"spotify:track:7FikD4RFpmSZIvoP3rRwsS","L7NNON","Perdição","WM Brazil",121,121,59,"92782"
122,"spotify:track:3jjujdWJ72nww5eGnfs2E7","Harry Styles","Adore You","Columbia",49,118,219,"92551"
123,"spotify:track:3h3fui1QXImL2zRcs9v2Lc","Casa Worship, Julliany Souza, Léo Brandão","A Casa É Sua","A Casa É Sua",93,122,246,"91865"
124,"spotify:track:7sYAS4CpbV90oSemgaEQat","Alok, Dynoro","On & On","Columbia/B1 Recordings",51,123,236,"91859"
125,"spotify:track:21jGcNKet2qwijlDFuPiPb","Post Malone","Circles","Republic Records",32,129,321,"91534"
126,"spotify:track:2b8fOow8UzyDFAE27YhOZM","Maroon 5","Memories","Interscope Records*",78,120,276,"91460"
127,"spotify:track:4UUtssVRs2aQTLQCAAtZg1","Jorge & Mateus","Mil Anos - Recorded At Mosh Studios, São Paulo","Som Livre",29,140,219,"90668"
128,"spotify:track:3VQF7gLCASQQ3lQkOnFBhz","Mila, MC JottaPê","O Amor Que Tu Perdeu","KondZilla",61,130,82,"90319"
129,"spotify:track:25usEf5iGk9HL0LM9VTxue","Jovem Dionisio, Vintage Culture, Future Class","Pontos de Exclamação - Vintage Culture & Future Class Remix","Sony Music Entertainment",55,136,32,"89809"
130,"spotify:track:1MmS7UIy3J1BTxfGCRvVqN","Gusttavo Lima","Carreira Solo - Ao Vivo","Sony Music Entertainment",21,142,258,"89297"
131,"spotify:track:2cWCwWJTozhsGxmvrJJaXn","Recayd Mob, Dfideliz, MC Igu, Jé Santiago, Derek","Mlks de Sp","Recayd Mob",61,127,40,"88998"
132,"spotify:track:3YqLyRFwjGuPBT7EHoyQH7","Pk, Luísa Sonza","Tudo de bom","WM Brazil",52,135,170,"88070"
133,"spotify:track:0pqnGHJpmpxLKifKRmU6WP","Imagine Dragons","Believer","Kid Ina Korner / Interscope",30,132,1258,"87998"
134,"spotify:track:1U3tv41tFRgOfbytpuYQrR","Zé Neto & Cristiano","Ferida Curada","Som Livre",4,131,363,"87987"
135,"spotify:track:7k4t7uLgtOxPwTpFmtJNTY","KAROL G, Nicki Minaj","Tusa","TUSA - Karol G & Nicki Minaj",38,128,194,"87785"
136,"spotify:track:6l1PdE7lQbodewVQh16GCM","Projota, Vitão","Sei Lá","Universal Music Ltda.",23,133,443,"87745"
137,"spotify:track:4jGzR5Vri06Y5T9SxM7m5P","Xand Avião, Gusttavo Lima","Algo Mais (Amante) - Ao Vivo","Som Livre",10,139,428,"87646"
138,"spotify:track:6Cg3pkRtLI8ABfM936HtgB","Mad Dogz, Lara Silva, Thiaguinho MT","Vai ficar querendo","WM Brazil",119,119,6,"87355"
139,"spotify:track:7N0Py2msno86enR6JPNlpV","Turma do Pagode","Muito Cedo","Sony Music Entertainment",100,141,154,"86698"
140,"spotify:track:3vSXPjfcebTt5mB8DXHWM6","Wesley Safadão","Dois Lados","Som Livre",37,137,342,"86556"
141,"spotify:track:3rfPuNpqMHQKXIPoEF5iFB","João Gustavo e Murilo, Atitude 67","Qual é a do amor (feat. Atitude 67) - Ao vivo","WM Brazil",99,144,13,"86230"
142,"spotify:track:3csAhPJlNeCDnvuTdT8RQw","Shevchenko e Elloco, MC Mari, MC 10G","Xereca de Mel","Tropa Produtora 81",109,143,16,"86067"
143,"spotify:track:3Uq45ipGutypFPmETfaoaH","MC Du Black, DJ 2F","Gaiola É o Troco","EP MIX Editora",1,134,353,"85799"
144,"spotify:track:1qy7aOHnfnOMJoT1fhoLYG","Marília Mendonça, Gaab","Intenção - Ao Vivo","Som Livre",37,145,335,"85121"
145,"spotify:track:3tu0GkIZwwkmILoD4HemBq","Raí Saia Rodada","Bebe e Vem Me Procurar","Som Livre",36,150,397,"83522"
146,"spotify:track:6iW38RGqdDGOofmz2HeXLW","MEDUZA, Alok, Goodboys","Piece Of Your Heart - Alok Remix","Virgin",69,149,375,"83087"
147,"spotify:track:3AV1KI22k1jGMz792lDrj1","Os Barões Da Pisadinha, Xand Avião","Basta Você Me Ligar - Ao Vivo","Sony Music Entertainment",91,154,27,"82759"
148,"spotify:track:2bPtwnrpFNEe8N7Q85kLHw","Anitta, Lexa, Luísa Sonza, Rebecca","Combatchy (feat. MC Rebecca)","WM Brazil",1,138,239,"82456"
149,"spotify:track:563yuGweEqRVQtjfsDVRyK","Sidoka, Intactoz Corp.","Não Me Sinto Mal Mais","Infame Company",74,148,205,"82398"
150,"spotify:track:3Dv1eDb0MEgF93GpLXlucZ","Doja Cat","Say So","Kemosabe Records/RCA Records",51,153,142,"82272"
151,"spotify:track:0hVXuCcriWRGvwMV1r5Yn9","Ed Sheeran, Justin Bieber","I Don't Care (with Justin Bieber)","Atlantic Records UK",2,146,426,"81819"
152,"spotify:track:59WWulo1LM0njpIkcduCMn","Atitude 67","Tão Linda","Universal Music Ltda.",35,147,340,"81050"
153,"spotify:track:39Yp9wwQiSRIDOvrVg7mbk","THE SCOTTS, Travis Scott, Kid Cudi","THE SCOTTS","Cactus Jack / Epic",13,171,81,"80935"
154,"spotify:track:76dHYBEo6pxeWXG0rLPdpL","Mariana Pimenta","Pré Pago - Ao Vivo","Sony Music Entertainment",154,181,3,"80927"
155,"spotify:track:37hCsK2djczyRGWMjqzbxD","Mc Lele JP, MC Neguinho do Kaxeta","Sou Vitorioso","GR6 Music",87,157,162,"80506"
156,"spotify:track:6YClJMtJDyyJ2iaUf5npyC","MC Kevin o Chris","Pode Jogar","Som Livre",97,158,34,"80414"
157,"spotify:track:2qD7VoDYcrAPY0cVEfpsR5","Anitta, Marília Mendonça","Some que ele vem atrás","WM Brazil",2,160,260,"80246"
158,"spotify:track:5q0NlM6Pm8Pp3orq7zGiRn","Matheus & Kauan, Jorge & Mateus","Quarta Cadeira - Ao Vivo","Universal Music Ltda.",9,162,482,"79175"
159,"spotify:track:1IWNylpZ477gIVUDpJL66u","Lady Gaga, BLACKPINK","Sour Candy (with BLACKPINK)","Interscope",1,156,47,"78890"
160,"spotify:track:1EQ8sBQ7Abv9DvNBzhXAcv","Nando Reis, Ana Cañas","Pra Você Guardei O Amor","Universal Music Ltda.",104,161,618,"78654"
161,"spotify:track:14kRWkCWBYfQqILflEcpSJ","Lexa, PEDRO SAMPAIO","Chama Ela (feat. Pedro Sampaio)","Som Livre",5,155,295,"78603"
162,"spotify:track:32qETd0e2eKMs2BiMocPc0","Simone & Simaria","Amoreco","UMG Recordings, Inc.",8,164,153,"78448"
163,"spotify:track:2DsZ6pXK1AG6emFugTeYW3","Melim","Gelo","UMG Recordings, Inc.",31,165,329,"78345"
164,"spotify:track:4E6RdcCWMiHTu7zy1VTNDo","Marília Mendonça","Todo Mundo Vai Sofrer - Ao Vivo","Som Livre",1,167,426,"78071"
165,"spotify:track:2PaOWQIEkSFkmONCv1Vgui","Melim","Eu Feat. Você","Universal Music Ltda.",120,173,15,"77983"
166,"spotify:track:1YUWhlQjFv7MQpcbb77zTL","Pineapple StormTv, Sant, Tiago Mac, Lord ADL, Maria, Choice, Salve Malak","Poesia Acústica #3: Capricorniana","Pineapple StormTV",58,152,647,"77609"
167,"spotify:track:2VxeLyX666F8uXCJ0dZF8B","Lady Gaga, Bradley Cooper","Shallow","A Star is Born OST",2,166,622,"77591"
168,"spotify:track:0H8CBal2Dcu5Yc001VotZN","IZA","Dona de mim","WM Brazil",23,170,623,"77495"
169,"spotify:track:2rRJrJEo19S2J82BDsQ3F7","Trevor Daniel","Falling","Alamo",51,163,214,"77490"
170,"spotify:track:1K7WzjKDcDdVbKNGrB0gej","Major Lazer, MC Lan, Anitta, BEAM","Rave de Favela (feat. BEAM)","WM Brazil",2,159,152,"77454"
171,"spotify:track:7M6D0ACikinC39ZtuEwMPo","Dayvi, Victor Cardenas, Rennan da Penha, Kelly Ruíz","Baila Comigo (feat. Kelly Ruiz) - Rennan da Penha Remix","Sony Music Entertainment",73,168,71,"76825"
172,"spotify:track:1IIoQ4SDLTA1I0KU5mHlgl","Recayd Mob, Dfideliz, Derek, Jé Santiago, MC Igu","POC POC","Recayd Mob",133,151,4,"76812"
173,"spotify:track:3CgZi8DMUftJHK6WL2gKc1","Hungria Hip Hop","Um Pedido","Hungria Hip Hop",19,172,299,"76415"
174,"spotify:track:4nK5YrxbMGZstTLbvj6Gxw","BENEE, Gus Dapperton","Supalonely","Republic Records",92,169,102,"76283"
175,"spotify:track:7MnT7msJZg3XBAS0OTfGrB","Legião Urbana","Tempo Perdido","EMI Brazil",147,174,159,"75148"
176,"spotify:track:1xyVMQx51Kab6eLVtE6twx","Lauana Prado, Maiara & Maraisa","Cobaia","Universal Music Ltda.",6,190,698,"74754"
177,"spotify:track:4f3e6HRUIu5Ub2mcwu8god","NGC Daddy","Glockada","NGC Records",82,184,73,"74633"
178,"spotify:track:0rUL7vUZmCKxB0gS83W3aM","Marília Mendonça, Leo Santana, Didá Banda Feminina","Apaixonadinha - Ao Vivo","Som Livre",49,179,426,"74524"
179,"spotify:track:0N2cvvlyEw5NFc00E3FB0D","Dj Guuga, Mc Pierre","Cabaré","GR6 Music",98,180,35,"74306"
180,"spotify:track:4QFzCjkQl2c7wrzVrOu2sz","Orochi, Dallass","Balão","Mainstreet Records",71,188,376,"73876"
181,"spotify:track:1dKYlw6v9wofuqb7EXSvPn","DENNIS, Cantini","Isso Que é Vida","Sony Music Entertainment",136,189,104,"73730"
182,"spotify:track:3eekarcy7kvN4yt5ZFzltW","Travis Scott","HIGHEST IN THE ROOM","Cactus Jack / Epic",35,193,186,"73689"
183,"spotify:track:5e0CF6LhfPARWyiu4eFohr","Pineapple StormTv, Knust, Cesar Mc, Chris MC, Xamã, Salve Malak, Hunter","Você Não Ama Ninguém","Pineapple StormTV",83,176,172,"73583"
184,"spotify:track:65i9Mc7h1CG7ssI1OhMPcT","Dilsinho","Onze e Pouquinho","Sony Music Entertainment",107,185,265,"73583"
185,"spotify:track:330oIFOtslgdc4TBVApQuY","MC Du Black, Jully","50 Tons","Universal Music Ltda.",95,175,69,"73526"
186,"spotify:track:4xwPOyN9VgaTPehdsLiYul","Melim","Dois Corações","Universal Music Ltda.",64,178,432,"73483"
187,"spotify:track:7qiZfU4dY1lWllzX7mPBI3","Ed Sheeran","Shape of You","Atlantic Records UK",1,177,1125,"73295"
188,"spotify:track:3T1POGWalxKOyn204Q3ngk","Henrique & Juliano","Amor Atual - Ao Vivo","Virgin Music Label And Artist Services (S&D)",51,-1,98,"73240"
189,"spotify:track:4w47S36wQGBhGg073q3nt7","ROSALÍA, Travis Scott","TKN (feat. Travis Scott)","Columbia",91,198,16,"73164"
190,"spotify:track:2tnVG71enUj33Ic2nFN6kZ","Regard","Ride It","Ministry of Sound Recordings",128,183,125,"72907"
191,"spotify:track:3Vc8vnid3noqupe9PvUKxP","Orgânico, Lourena, Sant, Rap Box","Dizeres","Rap Box / Casa 1 Records",54,187,289,"72734"
192,"spotify:track:2Fxmhks0bxGSBdJ92vM42m","Billie Eilish","bad guy","Darkroom/Interscope Records",21,186,464,"72597"
193,"spotify:track:2xLMifQCjDGFmkHkpNLD9h","Travis Scott","SICKO MODE","Cactus Jack / Epic / Grand Hustle",29,199,136,"72350"
194,"spotify:track:5dKesZwp6deuhEeW8F1UEi","Felipe Original, MC Kevin o Chris, Sodré, JS o Mão de Ouro","Hit Contagiante","Tudo Nosso Produtora",1,182,352,"72301"
195,"spotify:track:6sRLrSetyIwIKhW1eMlUNP","Matheus & Kauan, Marília Mendonça","Vou Ter Que Superar - Ao Vivo","Universal Music Ltda.",2,196,482,"72154"
196,"spotify:track:5rNNZ6fVYxkhwqUfImVhU1","IZA","Brisa","WM Brazil",36,200,390,"72152"
197,"spotify:track:15DHt4fP4FARWLvWkIxdAx","Vou pro Sereno, LUDMILLA","Teu Segredo - Ao Vivo","Sony Music Entertainment",72,-1,238,"71338"
198,"spotify:track:2srL4DYBekshpbprS6H0mO","1Kilo, Knust, Baviera","Deixe Me Ir - Acústico","1Kilo Rec",1,195,902,"70855"
199,"spotify:track:2iNZMMFEii4fU827NTyQ1J","7 Minutoz","Rap Da Akatsuki: Os Ninjas Mais Procurados Do Mundo (Nerd Hits)","7 Minutoz",132,192,40,"70848"
200,"spotify:track:7J3QMuDCSv56jRSiD9jFBF","Eric Land, Xand Avião","Cidade Inteira","Eric Land",159,-1,11,"70706"
