rank,uri,artist_names,track_name,source,peak_rank,previous_rank,days_on_chart,streams
1,"spotify:track:4zGtfOglDBfVUypabBwIjQ","Mc Zaac, Anitta, Tyga","Desce Pro Play (PA PA PA)","Universal Music Ltda.",1,1,13,"685805"
2,"spotify:track:0AGS6ZRgzobrazmCi6pYMe","Niack","Na Raba Toma Tapão","Niack / Ritmo dos Fluxos",1,2,55,"498672"
3,"spotify:track:67mqU3FeErlvWwsxnMfvQo","MC Du Black, Delacruz","Tudo Aconteceu","Universal Music Ltda.",3,3,105,"382468"
4,"spotify:track:25gD4PQjxCLnwIY2n23aEl","Vitão, Luísa Sonza","Flores","Universal Music Ltda.",2,4,27,"379899"
5,"spotify:track:60wF0XnX7A0jVpDNA5v8vi","Vytinho NG, Bianca","Tudo no Sigilo","Vytinho Ng",3,5,113,"366781"
6,"spotify:track:7o9LwQmTuIDm4LyyHFIWul","Henrique & Juliano","Volta Por Baixo - Ao Vivo","Virgin Music Label And Artist Services (S&D)",2,6,181,"366055"
7,"spotify:track:4DngRKOpRPrkbzImUB0zgh","Matheus & Kauan","Litrão - Ao Vivo Em Recife / 2020","Universal Music Ltda.",2,7,160,"357928"
8,"spotify:track:3tc8Z4lGzOIwmIVftsxO6o","Marília Mendonça","Graveto - Ao Vivo","Som Livre",3,8,181,"356115"
9,"spotify:track:0RaIjuKU5hudMteEXwr4RS","Jorge & Mateus","Ranking","Som Livre",5,9,125,"352209"
10,"spotify:track:3Ghyp3X5Ua9ypHnBIgOObI","Henrique & Juliano","Liberdade Provisória - Live - Ibirapuera / 2019","Virgin Music Label And Artist Services (S&D)",1,10,216,"342513"
11,"spotify:track:7Ac3BmqTQoLdAt7HtZyfgN","DENNIS, Mc Don Juan","Te Prometo","Sony Music Entertainment",8,12,152,"322650"
12,"spotify:track:2WlZuBDgLfT7Kc0admhFdg","Luísa Sonza","BRABA","Universal Music Ltda.",1,11,113,"322147"
13,"spotify:track:6NM06xgqxQ0HU5lxbt2JHi","Gusttavo Lima","Saudade Sua","Sony Music Entertainment",2,13,55,"320117"
14,"spotify:track:3tv697PZNnaQN0Mn2zGhS5","Gusttavo Lima","A Gente Fez Amor - Ao Vivo","Sony Music Entertainment",1,14,216,"306542"
15,"spotify:track:3WjSkl7VDWY1prwJw7dSG0","Zé Neto & Cristiano","Barzinho Aleatório - Ao Vivo","Som Livre",8,15,216,"303779"
16,"spotify:track:24Yi9hE78yPEbZ4kxyoXAI","SAINt JHN, Imanbek","Roses - Imanbek Remix","Columbia/B1 Recordings",8,16,132,"285904"
17,"spotify:track:3PfIrDoz19wz7qK7tYeu62","Dua Lipa","Don't Start Now","Warner Records",1,17,251,"276112"
18,"spotify:track:5GAdMAL3tRJkVN1HtwohK2","Mc Don Juan, Maiara & Maraisa","Vai Ter Que Aguentar","GR6 Music",18,18,38,"270316"
19,"spotify:track:08Sd5vVcIH3uKeAiaJdoYj","Lauana Prado","Viva Voz - Ao Vivo Em São Paulo / 2019","Universal Music Ltda.",17,19,125,"263636"
20,"spotify:track:3J5Pu25BODMex4Jpy4l6FL","Luíza & Maurílio, Zé Neto & Cristiano","S de Saudade","Som Livre",6,21,251,"253472"
21,"spotify:track:0VjIjW4GlUZAMYd2vXMi3b","The Weeknd","Blinding Lights","Republic Records",17,20,194,"253369"
22,"spotify:track:5PNvgiKSwMdjBsDsgFCFLX","Maverick Sabre, Jorja Smith, Vintage Culture, Slow Motion","Slow Down (feat. Jorja Smith) - Vintage Culture & Slow Motion Remix","Spinnin' Deep",12,25,97,"247085"
23,"spotify:track:0j1tGcJJfq1nIs4i5GoHXv","Luan Santana","ASAS","LS Music",15,23,25,"244532"
24,"spotify:track:6UelLqGlWMcVH1E5c4H7lY","Harry Styles","Watermelon Sugar","Columbia",23,24,148,"243962"
25,"spotify:track:3vAn0qZzdyuHamcrpkfiX3","BLACKPINK","How You Like That","YG Entertainment/Interscope Records",4,22,13,"240941"
26,"spotify:track:5LpLYzpV0HWKI2DlPmNywg","Wesley Safadão, Zé Neto & Cristiano","Despedida - Ao Vivo","Som Livre",15,27,97,"237071"
27,"spotify:track:146Vb458Y5RbqEa0fYFPzm","Felipe Araújo","Mentira - Ao Vivo","Universal Music Ltda.",11,26,219,"235216"
28,"spotify:track:0SJtvFn4vqgJPscSbEPaql","Maiara & Maraisa, Dilsinho","Libera Ela - Ao Vivo","Som Livre",16,28,83,"234245"
29,"spotify:track:7eJMfftS33KTjuF7lTsMCx","Powfu, beabadoobee","death bed (coffee for your head)","Columbia",13,29,122,"229514"
30,"spotify:track:28atBekPVlTdnU4M9Z7udd","Dilsinho, Luísa Sonza, Malibu","Não Vai Embora","Malibu Studios",25,30,62,"227636"
31,"spotify:track:23zmMwD99ROi9yhxqMxWil","João Bosco & Vinicius, Matheus","Segunda Taça - Ao Vivo","João Bosco & Vinicius",19,31,139,"215324"
32,"spotify:track:2ptHQBO7TQhEkXOeK9ST59","Grupo Menos É Mais, Di Propósito, Vou Zuar","Pot-Pourri: Melhor Eu Ir / Ligando Os Fatos / Sonho de Amor / Deixa Eu Te Querer - Ao Vivo","Som Livre",31,33,36,"213274"
33,"spotify:track:1rgnBhdG2JDFTbYkYRZAku","Tones And I","Dance Monkey","Elektra (NEK)",5,32,290,"208335"
34,"spotify:track:2PWjKmjyTZeDpmOUa3a5da","Jorge & Mateus","Cheirosa - Ao Vivo","Som Livre",3,34,272,"205692"
35,"spotify:track:5L8ZEyIdZ2KE4Wf51SsuOF","Gustavo Mioto","Com Ou Sem Mim - Ao Vivo","Universal Music Ltda.",5,35,230,"205331"
36,"spotify:track:4j2bK4fnc2s6GyVmhJsJhk","Henrique & Juliano","Briga Feia - Ao Vivo","Virgin Music Label And Artist Services (S&D)",21,36,209,"202882"
37,"spotify:track:6nI98wtHOJAYSASq22TCYu","Luan Santana","água com açúcar - ao vivo","Som Livre",3,37,115,"201583"
38,"spotify:track:12v6LfkX9YIR3uLefIAAYZ","Mc Jacaré","Comprei um Lança","Mc Jacare / Los Pantchos",38,62,16,"199247"
39,"spotify:track:0GrEqRHf5FioT1hOB8PBxZ","Marília Mendonça","Vira Homem","Som Livre",22,38,69,"198365"
40,"spotify:track:2MOq63fxuFLYQM3CsDcFs1","GIULIA BE","menina solta","WM Brazil",10,42,275,"198338"
41,"spotify:track:1uryupl9hqVZYurJwH4G9k","Guilherme & Benuto","3 Batidas - Ao Vivo","Sony Music Entertainment",8,39,319,"197602"
42,"spotify:track:15k1TDabqSEmyXOwMq9RM7","Jonas Esticado","Investe Em Mim","Som Livre",38,43,12,"195919"
43,"spotify:track:466cKvZn1j45IpxDdYZqdA","Drake","Toosie Slide","OVO",23,40,97,"194857"
44,"spotify:track:4x8XaoLvpo6kd51PZD16RK","Dilsinho, Henrique & Juliano","Sogra - Ao Vivo","Sony Music Entertainment",36,41,31,"194297"
45,"spotify:track:1Nmcs8zk7LfcvHRgLtTM5J","Orochi, Papatinho","Amor de Fim de Noite","Mainstreet Records",26,45,235,"193039"
46,"spotify:track:3GmJxfnUDrIs1iCfKUELFz","Marília Mendonça","Supera - Ao Vivo","Som Livre",1,44,328,"190963"
47,"spotify:track:0DWUfq7vSAArkz82XHnuGm","WC no Beat, LUDMILLA, Vitão","SEM LIMITES","Sony Music Entertainment",47,50,34,"187044"
48,"spotify:track:7ju97lgwC2rKQ6wwsf9no9","Lady Gaga, Ariana Grande","Rain On Me (with Ariana Grande)","Interscope",1,46,48,"185900"
49,"spotify:track:260n4ECk9j4IEvTAVBYojl","Matheus & Kauan","Nem Doeu - Ao Vivo","Universal Music Ltda.",39,48,41,"181498"
50,"spotify:track:4p8pEdPYOQLzJUKYrLOacy","WC no Beat, PEDRO SAMPAIO, FP do Trem Bala","BALANÇA (feat. Pedro Sampaio)","Sony Music Entertainment",8,47,160,"180657"
51,"spotify:track:3056x1XkmICnQmji68rrft","Murilo Huff, Henrique & Juliano","Desejando Eu (Ao Vivo)","Artinvox",40,49,48,"179232"
52,"spotify:track:3oqC4Ta40ft6NnTJwcUTdi","Rashid, Lukinhas, Emicida","Pipa Voada (feat. Emicida)","Sony Music Entertainment",39,52,123,"171061"
53,"spotify:track:6jcGoHrqfRW6fI2I6xtwBQ","MC Marks","Deus é por nós","WM Brazil",53,54,24,"168031"
54,"spotify:track:017PF4Q3l4DBUiWoXk4OWT","Dua Lipa","Break My Heart","Warner Records",8,53,105,"166740"
55,"spotify:track:2Ou6UYuUbNyqwXxRDSeFRf","Maiara & Maraisa","Aí Eu Bebo - Ao Vivo","Som Livre",13,51,265,"162627"
56,"spotify:track:4lKuzrdZrJuCAedbIslF3A","PEDRO SAMPAIO, Felipe Original, JS o Mão de Ouro","SENTADÃO","WM Brazil",2,55,230,"158869"
57,"spotify:track:7ytR5pFWmSjzHJIeQkgog4","DaBaby, Roddy Ricch","ROCKSTAR (feat. Roddy Ricch)","South Coast Music Group/Interscope Records",55,56,61,"158538"
58,"spotify:track:2PqPSf3gtTED79rWGwVtYg","Diego & Victor Hugo","Áudio - Ao Vivo em Brasília","Sony Music Entertainment",23,57,362,"153464"
59,"spotify:track:2Q9TaUXNM4mNSCgJjbmsJe","Zé Neto & Cristiano","Bebi Minha Bicicleta (Coração Falido) - Ao Vivo","Som Livre",4,58,223,"150764"
60,"spotify:track:59CnMc5PR9GdDFEVOpHSg9","Dj W-Beatz, Ventura, Mc Rennan, MC Bruna Alves, MC BN, MC Rick","Rave do Papa - Deluxe (feat. Mc Rennan, MC Bruna Alves, MC BN & MC Rick) - Remix","Tratto Entretenimentos",59,59,27,"147507"
61,"spotify:track:1GWUiFYLYEapxYHnASyOud","Wesley Safadão","Não Valeu","Som Livre",36,60,55,"144724"
62,"spotify:track:1xQ6trAsedVPCdbtDAmk0c","Jawsh 685, Jason Derulo","Savage Love (Laxed - Siren Beat)","Columbia",62,66,17,"139353"
63,"spotify:track:25usEf5iGk9HL0LM9VTxue","Jovem Dionisio, Vintage Culture, Future Class","Pontos de Exclamação - Vintage Culture & Future Class Remix","Sony Music Entertainment",55,61,25,"139031"
64,"spotify:track:0h5iRD8nlDtcn4rwbZzNgg","MC Kevinho","Te gusta","WM Brazil",60,63,33,"137201"
65,"spotify:track:5yaXBGNko8lmFSOvKWo99j","Matheus & Kauan","Então Toma - Ao Vivo","Universal Music Ltda.",34,65,90,"136465"
66,"spotify:track:48CAeajgzcGJaVUSsXd7h0","Guilherme & Benuto, Israel & Rodolffo","Declaração pro Bar - Ao Vivo","Sony Music Entertainment",50,64,144,"136301"
67,"spotify:track:7qEHsqek33rTcFNT9PFqLf","Lewis Capaldi","Someone You Loved","Vertigo Berlin",54,68,315,"132195"
68,"spotify:track:5fY9bVl1Wj4PIM3wnduWop","Marília Mendonça","Serenata - Ao Vivo","Som Livre",14,69,419,"130472"
69,"spotify:track:7DmZMqXYgQ1oI3z3bGUEbi","GIULIA BE","(não) era amor","WM Brazil",40,70,93,"129963"
70,"spotify:track:63SHcJzckFykS8faA5zojY","MC Ingryd, DJ Henrique da VK","Vem Me Satisfazer","MC Ingryd",4,67,218,"129689"
71,"spotify:track:3dPvQLKl42dMYWV4LWRTLK","Os Barões Da Pisadinha","Tá Rocheda","Sony Music Entertainment",52,71,134,"128685"
72,"spotify:track:5n8Y78Pl5q8lqS7sJP61qw","Diego & Arnaldo","Relógio Parado (Ao Vivo)","Sony Music Entertainment",32,72,266,"126096"
73,"spotify:track:15kdyHRNcHSCTRjvHvmqrs","LUDMILLA, DJ Will22","Cobra Venenosa (feat. DJ Will22)","WM Brazil",37,139,6,"125277"
74,"spotify:track:3ZROq16fQ1o2dWEGkHPHkJ","Yasmin Santos, Wesley Safadão","Saudade em Gotas (feat. Wesley Safadão) - Ao Vivo","Sony Music Entertainment",30,74,296,"124073"
75,"spotify:track:62aP9fBQKYKxi7PDXwcUAS","Surf Mesa, Emilee","ily (i love you baby) (feat. Emilee)","Astralwerks",65,73,59,"122731"
76,"spotify:track:2uhBCMHwS3SATOHIgM2KPF","Zé Neto & Cristiano","Textão - Ao Vivo","Som Livre",44,75,132,"118910"
77,"spotify:track:13Rf6RaZT13TW4xLQR3MQr","Pineapple StormTv, MC Cabelinho, Bob do Contra, Azzy, Filipe Ret, Dudu, Xamã, Orochi, Maquiny, Salve Malak, Hunter","Poesia Acústica #6: Era uma Vez","Pineapple StormTV",14,77,561,"115423"
78,"spotify:track:17Ryox5vWKp92IDW87C5PI","Gusttavo Lima","Quem Traiu Levou - Ao Vivo","Sony Music Entertainment",14,76,301,"114838"
79,"spotify:track:4nsXVD1xw3BRMFUWx5gQRe","Di Propósito","Manda Áudio","Sony Music Entertainment",79,85,17,"112633"
80,"spotify:track:6v3KW9xbzN5yKLt9YKDYA2","Shawn Mendes, Camila Cabello","Señorita","Island Records",2,79,384,"111882"
81,"spotify:track:1AfNdxHdE4OLcnQUyC6j3i","MC JottaPê, MC Kekel, MC Kevinho","Eterna Sacanagem","KondZilla Records",19,81,265,"111132"
82,"spotify:track:5JKaHAt4atuNoLqpyDgbyK","Pineapple StormTv, Froid, Xamã, Dk 47, Chris MC, Cynthia Luz, Luccas Carlos, Hunter","Poesia Acústica - Paris","Pineapple StormTV",68,80,111,"111104"
83,"spotify:track:22rcaYTa2UgcLCbeO0NoNj","Priscilla Alcantara, Whindersson Nunes","Girassol","Sony Music Entertainment",5,78,210,"110888"
84,"spotify:track:5U28PY9MekLyCBYtLHGQpe","Melim","Meu Abrigo","Universal Music Ltda.",1,88,776,"109577"
85,"spotify:track:7Gk5OrMYaMRtT2JmgJVAfk","ANAVITÓRIA, Vitor Kley","Pupila","Universal Music Ltda.",14,82,370,"109307"
86,"spotify:track:3HXLUh9lzSrSLvrvLk2LjC","Henrique & Juliano","Se Eu Fosse Você - Ao Vivo","Virgin Music Label And Artist Services (S&D)",61,84,158,"109085"
87,"spotify:track:0nbXyq5TXYPCO7pr3N8S4I","Roddy Ricch","The Box","Atlantic Records",26,83,180,"108197"
88,"spotify:track:7ArNH109yIfwIquJ535fsi","Marcos & Belutti, Gaab","Certo e Duvidoso (feat. Gaab) - Ao Vivo","Sony Music Entertainment",55,86,162,"107222"
89,"spotify:track:5RqR4ZCCKJDcBLIn4sih9l","StaySolidRocky","Party Girl","Columbia",83,87,33,"105815"
90,"spotify:track:7CHi4DtfK4heMlQaudCuHK","MEDUZA, Becky Hill, Goodboys","Lose Control","Virgin",53,90,216,"105566"
91,"spotify:track:4HBZA5flZLE435QTztThqH","Ariana Grande, Justin Bieber","Stuck with U (with Justin Bieber)","Ariana Grande & Justin Bieber ""Stuck With U""- Charity",15,91,62,"104366"
92,"spotify:track:6gBFPUFcJLzWGx4lenP6h2","Travis Scott","goosebumps","Epic/Grand Hustle",32,89,129,"103418"
93,"spotify:track:2TR917wkDeRvwTE5cSfZFf","Humberto & Ronaldo, Matheus & Kauan","Tchau Brigado - Ao Vivo","Humberto e Ronaldo",46,94,189,"102425"
94,"spotify:track:7k4t7uLgtOxPwTpFmtJNTY","KAROL G, Nicki Minaj","Tusa","TUSA - Karol G & Nicki Minaj",38,92,187,"101269"
95,"spotify:track:3MkdA6vwF0ifRl86yzTlJW","Matuê","Kenny G","Sony Music Entertainment",5,97,308,"101257"
96,"spotify:track:6hqJJY6rwAUS2zl9FsCQQH","Dilsinho","Deixa pra Amanhã - Ao Vivo","Sony Music Entertainment",53,95,72,"101083"
97,"spotify:track:5OzvtpasMB3aPWpfVr0PsA","Luíza & Maurílio","Pode Sumir","Som Livre",83,102,41,"101011"
98,"spotify:track:7vpGKEUPrA4UEsS4o4W1tP","Pabllo Vittar","Amor de Que","Sony Music Entertainment",10,98,251,"100716"
99,"spotify:track:2rRA0VNb8RcaUMAmgWFoCL","Yasmin Santos, Marília Mendonça","Para Pensa e Volta (feat. Marília Mendonça) - Ao Vivo","Sony Music Entertainment",19,101,377,"100636"
100,"spotify:track:7qpXCkcr3Zj4LDvdiWryns","Diego & Victor Hugo","Erro Antigo - Ao Vivo","Sony Music Entertainment",53,96,167,"100474"
101,"spotify:track:0v8OKUrqZGoEbgEUXScRSQ","Alok, THRDL!FE","Hear Me Tonight","Columbia/B1 Recordings",55,99,71,"99978"
102,"spotify:track:3fLqmaO4vvZpFZSZy52VMp","Lagum, Ana Gabriela","Deixa (feat. Ana Gabriela)","Sony Music Entertainment",20,108,762,"99259"
103,"spotify:track:3jjujdWJ72nww5eGnfs2E7","Harry Styles","Adore You","Columbia",49,100,212,"99046"
104,"spotify:track:6QwFUcPc5nhsqZuhXUYtV7","Jorge & Mateus","Tijolão - Ao Vivo","Som Livre",1,109,412,"99032"
105,"spotify:track:2b8fOow8UzyDFAE27YhOZM","Maroon 5","Memories","Interscope Records*",78,105,269,"98974"
106,"spotify:track:71FrGl0XcpL3VId65tB5mg","Os Barões Da Pisadinha","Recairei - Ao Vivo","Sony Music Entertainment",68,106,56,"98745"
107,"spotify:track:7N0Py2msno86enR6JPNlpV","Turma do Pagode","Muito Cedo","Sony Music Entertainment",100,110,147,"98385"
108,"spotify:track:5STHFaWYO1KeyITjvB4hR8","Marília Mendonça","Tentativas","Som Livre",20,112,146,"98067"
109,"spotify:track:2cWCwWJTozhsGxmvrJJaXn","Recayd Mob, Dfideliz, MC Igu, Jé Santiago, Derek","Mlks de Sp","Recayd Mob",61,103,33,"97921"
110,"spotify:track:3VQF7gLCASQQ3lQkOnFBhz","Mila, MC JottaPê","O Amor Que Tu Perdeu","KondZilla",61,93,75,"97629"
111,"spotify:track:3H7ihDc1dqLriiWXwsc2po","Topic, A7S","Breaking Me","Virgin",107,107,21,"97594"
112,"spotify:track:21jGcNKet2qwijlDFuPiPb","Post Malone","Circles","Republic Records",32,104,314,"96038"
113,"spotify:track:7McCAKExE8KsI2q4Y8wx4U","Murilo Huff, Marília Mendonça","Dois Enganados","Artinvox",41,117,405,"94084"
114,"spotify:track:5MArTXEVyKBwoodjdy04fk","Zé Felipe, Gusttavo Lima","Tiro Certo - Ao Vivo","Som Livre",14,114,391,"93895"
115,"spotify:track:72xB2J9ZeBl0Rzxq2XmzdY","João Gustavo e Murilo, Analaga","Lençol Dobrado","WM Brazil",2,115,612,"93892"
116,"spotify:track:2DsZ6pXK1AG6emFugTeYW3","Melim","Gelo","UMG Recordings, Inc.",31,113,324,"93656"
117,"spotify:track:1qCLx3nX25NuhfPjM5E1qV","Melim","Ouvi Dizer","Universal Music Ltda.",10,118,719,"92849"
118,"spotify:track:1MmS7UIy3J1BTxfGCRvVqN","Gusttavo Lima","Carreira Solo - Ao Vivo","Sony Music Entertainment",21,120,251,"92703"
119,"spotify:track:4jGzR5Vri06Y5T9SxM7m5P","Xand Avião, Gusttavo Lima","Algo Mais (Amante) - Ao Vivo","Som Livre",10,119,421,"91990"
120,"spotify:track:3Uq45ipGutypFPmETfaoaH","MC Du Black, DJ 2F","Gaiola É o Troco","EP MIX Editora",1,116,346,"91899"
121,"spotify:track:7sYAS4CpbV90oSemgaEQat","Alok, Dynoro","On & On","Columbia/B1 Recordings",51,122,229,"90443"
122,"spotify:track:2bPtwnrpFNEe8N7Q85kLHw","Anitta, Lexa, Luísa Sonza, Rebecca","Combatchy (feat. MC Rebecca)","WM Brazil",1,126,232,"90268"
123,"spotify:track:6THoM5F4gvHguHHyLfxGjU","Solange Almeida, Márcia Fellipe","JBL","TSE",88,130,12,"90126"
124,"spotify:track:4UUtssVRs2aQTLQCAAtZg1","Jorge & Mateus","Mil Anos - Recorded At Mosh Studios, São Paulo","Som Livre",29,125,212,"89331"
125,"spotify:track:5aayWOEE7u7bxZ3r7dwIrX","IZA","Meu talismã","WM Brazil",75,135,292,"88377"
126,"spotify:track:3csAhPJlNeCDnvuTdT8RQw","Shevchenko e Elloco, MC Mari, MC 10G","Xereca de Mel","Tropa Produtora 81",109,121,9,"88098"
127,"spotify:track:2rRJrJEo19S2J82BDsQ3F7","Trevor Daniel","Falling","Alamo",51,124,209,"87918"
128,"spotify:track:0pqnGHJpmpxLKifKRmU6WP","Imagine Dragons","Believer","Kid Ina Korner / Interscope",30,129,1251,"87867"
129,"spotify:track:3Dv1eDb0MEgF93GpLXlucZ","Doja Cat","Say So","Kemosabe Records/RCA Records",51,127,137,"87753"
130,"spotify:track:3h3fui1QXImL2zRcs9v2Lc","Casa Worship, Julliany Souza, Léo Brandão","A Casa É Sua","A Casa É Sua",93,123,241,"87538"
131,"spotify:track:1qy7aOHnfnOMJoT1fhoLYG","Marília Mendonça, Gaab","Intenção - Ao Vivo","Som Livre",37,142,328,"86887"
132,"spotify:track:6YClJMtJDyyJ2iaUf5npyC","MC Kevin o Chris","Pode Jogar","Som Livre",97,131,27,"86669"
133,"spotify:track:39Yp9wwQiSRIDOvrVg7mbk","THE SCOTTS, Travis Scott, Kid Cudi","THE SCOTTS","Cactus Jack / Epic",13,128,76,"86610"
134,"spotify:track:32qETd0e2eKMs2BiMocPc0","Simone & Simaria","Amoreco","UMG Recordings, Inc.",8,133,146,"86556"
135,"spotify:track:79BHjj4YkvbpOlMvG6wf3n","Luan Santana","boa memória - ao vivo","Som Livre",26,111,88,"86014"
136,"spotify:track:1K7WzjKDcDdVbKNGrB0gej","Major Lazer, MC Lan, Anitta, BEAM","Rave de Favela (feat. BEAM)","WM Brazil",2,132,145,"84973"
137,"spotify:track:5JsxHA8NttHWThpTCToK1J","Salvador Da Rima, NOG, Mc Kevin, MC Ryan SP, Mc Lele JP","Vergonha pra Midia","RapRJ Music",137,141,30,"84787"
138,"spotify:track:14kRWkCWBYfQqILflEcpSJ","Lexa, PEDRO SAMPAIO","Chama Ela (feat. Pedro Sampaio)","Som Livre",5,143,288,"84232"
139,"spotify:track:5q0NlM6Pm8Pp3orq7zGiRn","Matheus & Kauan, Jorge & Mateus","Quarta Cadeira - Ao Vivo","Universal Music Ltda.",9,145,475,"84202"
140,"spotify:track:3rfPuNpqMHQKXIPoEF5iFB","João Gustavo e Murilo, Atitude 67","Qual é a do amor (feat. Atitude 67) - Ao vivo","WM Brazil",99,137,6,"83745"
141,"spotify:track:1U3tv41tFRgOfbytpuYQrR","Zé Neto & Cristiano","Ferida Curada","Som Livre",4,148,356,"83580"
142,"spotify:track:4nK5YrxbMGZstTLbvj6Gxw","BENEE, Gus Dapperton","Supalonely","Republic Records",92,144,97,"83483"
143,"spotify:track:3vSXPjfcebTt5mB8DXHWM6","Wesley Safadão","Dois Lados","Som Livre",37,149,335,"82766"
144,"spotify:track:0hVXuCcriWRGvwMV1r5Yn9","Ed Sheeran, Justin Bieber","I Don't Care (with Justin Bieber)","Atlantic Records UK",2,147,420,"82240"
145,"spotify:track:4E6RdcCWMiHTu7zy1VTNDo","Marília Mendonça","Todo Mundo Vai Sofrer - Ao Vivo","Som Livre",1,152,419,"82060"
146,"spotify:track:6iW38RGqdDGOofmz2HeXLW","MEDUZA, Alok, Goodboys","Piece Of Your Heart - Alok Remix","Virgin",69,151,369,"81385"
147,"spotify:track:3YqLyRFwjGuPBT7EHoyQH7","Pk, Luísa Sonza","Tudo de bom","WM Brazil",52,146,163,"81314"
148,"spotify:track:330oIFOtslgdc4TBVApQuY","MC Du Black, Jully","50 Tons","Universal Music Ltda.",95,138,62,"81267"
149,"spotify:track:7M6D0ACikinC39ZtuEwMPo","Dayvi, Victor Cardenas, Rennan da Penha, Kelly Ruíz","Baila Comigo (feat. Kelly Ruiz) - Rennan da Penha Remix","Sony Music Entertainment",73,134,64,"80519"
150,"spotify:track:1IWNylpZ477gIVUDpJL66u","Lady Gaga, BLACKPINK","Sour Candy (with BLACKPINK)","Interscope",1,140,42,"80459"
151,"spotify:track:6toDZSoqG5QUitFsoxavRy","Vitão, Anitta","Complicado","Universal Music Ltda.",8,153,277,"80427"
152,"spotify:track:7FikD4RFpmSZIvoP3rRwsS","L7NNON","Perdição","WM Brazil",139,161,52,"79608"
153,"spotify:track:5v4GgrXPMghOnBBLmveLac","Megan Thee Stallion, Beyoncé","Savage Remix (feat. Beyoncé)","300 Entertainment",84,150,69,"79133"
154,"spotify:track:2RoWhAVtQrPU53BERYlmYZ","Pineapple StormTv, Cesar Mc, Elana Dara, Kayuá, Froid, Cynthia Luz, MV Bill, Bob do Contra, Hunter, Projota","Poesia Acústica #8: Amor e Samba","Pineapple StormTV",35,156,188,"78472"
155,"spotify:track:6l1PdE7lQbodewVQh16GCM","Projota, Vitão","Sei Lá","Universal Music Ltda.",23,157,436,"78462"
156,"spotify:track:3AV1KI22k1jGMz792lDrj1","Os Barões Da Pisadinha, Xand Avião","Basta Você Me Ligar - Ao Vivo","Sony Music Entertainment",95,160,20,"78352"
157,"spotify:track:2FGhB10Gon36GgFcOTMQEW","Pineapple StormTv, MC Hariel, Negra Li, Ducon, MC Kevin o Chris, Chris MC, Matuê, Dk 47, Vitão, Salve Malak, Hunter","Poesia Acústica #7: Céu Azul","Pineapple StormTV",21,158,352,"78138"
158,"spotify:track:2qD7VoDYcrAPY0cVEfpsR5","Anitta, Marília Mendonça","Some que ele vem atrás","WM Brazil",2,162,253,"77789"
159,"spotify:track:5dKesZwp6deuhEeW8F1UEi","Felipe Original, MC Kevin o Chris, Sodré, JS o Mão de Ouro","Hit Contagiante","Tudo Nosso Produtora",1,155,345,"77696"
160,"spotify:track:59WWulo1LM0njpIkcduCMn","Atitude 67","Tão Linda","Universal Music Ltda.",35,165,333,"77468"
161,"spotify:track:2VxeLyX666F8uXCJ0dZF8B","Lady Gaga, Bradley Cooper","Shallow","A Star is Born OST",2,159,617,"77438"
162,"spotify:track:0N2cvvlyEw5NFc00E3FB0D","Dj Guuga, Mc Pierre","Cabaré","GR6 Music",98,154,28,"77225"
163,"spotify:track:563yuGweEqRVQtjfsDVRyK","Sidoka, Intactoz Corp.","Não Me Sinto Mal Mais","Infame Company",74,163,200,"75580"
164,"spotify:track:0H8CBal2Dcu5Yc001VotZN","IZA","Dona de mim","WM Brazil",23,177,617,"75528"
165,"spotify:track:7qiZfU4dY1lWllzX7mPBI3","Ed Sheeran","Shape of You","Atlantic Records UK",1,167,1120,"75486"
166,"spotify:track:2Fxmhks0bxGSBdJ92vM42m","Billie Eilish","bad guy","Darkroom/Interscope Records",21,164,460,"75221"
167,"spotify:track:15DHt4fP4FARWLvWkIxdAx","Vou pro Sereno, LUDMILLA","Teu Segredo - Ao Vivo","Sony Music Entertainment",72,174,232,"75053"
168,"spotify:track:6c1QaQHdDhtFMfUkhueuXK","Red Velvet - IRENE & SEULGI","Monster","SM Entertainment",136,136,2,"74880"
169,"spotify:track:1EQ8sBQ7Abv9DvNBzhXAcv","Nando Reis, Ana Cañas","Pra Você Guardei O Amor","Universal Music Ltda.",104,180,611,"74392"
170,"spotify:track:3tu0GkIZwwkmILoD4HemBq","Raí Saia Rodada","Bebe e Vem Me Procurar","Som Livre",36,168,390,"74088"
171,"spotify:track:2iNZMMFEii4fU827NTyQ1J","7 Minutoz","Rap Da Akatsuki: Os Ninjas Mais Procurados Do Mundo (Nerd Hits)","7 Minutoz",132,166,36,"73699"
172,"spotify:track:6sRLrSetyIwIKhW1eMlUNP","Matheus & Kauan, Marília Mendonça","Vou Ter Que Superar - Ao Vivo","Universal Music Ltda.",2,173,475,"73584"
173,"spotify:track:2tnVG71enUj33Ic2nFN6kZ","Regard","Ride It","Ministry of Sound Recordings",128,171,120,"73469"
174,"spotify:track:4umIPjkehX1r7uhmGvXiSV","Justin Bieber, Quavo","Intentions (feat. Quavo)","RBMG/Def Jam",41,172,145,"73397"
175,"spotify:track:3RbXsVQr4jeTxvT35Hssq3","Marília Mendonça","Bebi Liguei - Ao Vivo","Som Livre",2,188,571,"72700"
176,"spotify:track:3T1POGWalxKOyn204Q3ngk","Henrique & Juliano","Amor Atual - Ao Vivo","Virgin Music Label And Artist Services (S&D)",51,189,93,"72609"
177,"spotify:track:0rUL7vUZmCKxB0gS83W3aM","Marília Mendonça, Leo Santana, Didá Banda Feminina","Apaixonadinha - Ao Vivo","Som Livre",49,192,419,"72197"
178,"spotify:track:4QFzCjkQl2c7wrzVrOu2sz","Orochi, Dallass","Balão","Mainstreet Records",71,184,372,"72136"
179,"spotify:track:3eekarcy7kvN4yt5ZFzltW","Travis Scott","HIGHEST IN THE ROOM","Cactus Jack / Epic",35,179,182,"72093"
180,"spotify:track:16wAOAZ2OkqoIDN7TpChjR","Justin Bieber","Yummy","RBMG/Def Jam",12,182,177,"72091"
181,"spotify:track:2xLMifQCjDGFmkHkpNLD9h","Travis Scott","SICKO MODE","Cactus Jack / Epic / Grand Hustle",29,175,133,"72031"
182,"spotify:track:2epD7jzjNfrQYxdSaODCvF","Mc Brunyn, Mc Moana","Vai Luan, Rainha dos Faixa Preta","Mc Brunyn",72,169,104,"71983"
183,"spotify:track:5F8ffc8KWKNawllr5WsW0r","Dadá Boladão, Tati Zaqui, OIK","Surtada - Remix Brega Funk","Sony Music Entertainment",1,190,283,"71938"
184,"spotify:track:1IGARc5YhGUSomhIk9DRDI","Diego & Arnaldo","Decisão Errada - Ao Vivo","Sony Music Entertainment",99,185,69,"71880"
185,"spotify:track:1Cv1YLb4q0RzL6pybtaMLo","Surfaces","Sunday Best","Surfaces, LLC / TenThousand Projects, LLC",72,176,112,"71711"
186,"spotify:track:1dKYlw6v9wofuqb7EXSvPn","DENNIS, Cantini","Isso Que é Vida","Sony Music Entertainment",136,187,99,"71617"
187,"spotify:track:7MnT7msJZg3XBAS0OTfGrB","Legião Urbana","Tempo Perdido","EMI Brazil",152,191,152,"71553"
188,"spotify:track:37hCsK2djczyRGWMjqzbxD","Mc Lele JP, MC Neguinho do Kaxeta","Sou Vitorioso","GR6 Music",87,186,155,"70959"
189,"spotify:track:65i9Mc7h1CG7ssI1OhMPcT","Dilsinho","Onze e Pouquinho","Sony Music Entertainment",107,-1,258,"70800"
190,"spotify:track:5FFpRbsH9WDYNoLauRAHpj","MC Kevinho, Dadá Boladão, MC JottaPê","Paredão","WM Brazil",18,183,199,"70535"
191,"spotify:track:0u2P5u6lvoDfwTYjAADbn4","Billie Eilish, Khalid","lovely (with Khalid)","Darkroom",124,193,150,"69900"
192,"spotify:track:4w47S36wQGBhGg073q3nt7","ROSALÍA, Travis Scott","TKN (feat. Travis Scott)","Columbia",91,194,14,"69764"
193,"spotify:track:78qd8dvwea0Gosb6Fe6j3k","Doja Cat","Boss Bitch","Atlantic Records",91,178,81,"69700"
194,"spotify:track:2vRBYKWOyHtFMtiK60qRz7","ANAVITÓRIA, TIAGO IORC","Trevo (Tu)","Universal Music Ltda.",19,200,1010,"69495"
195,"spotify:track:3zXIfbjxSzPMNP6JDZsQsi","Orochi, Kizzy","Mitsubishi","Mainstreet Records",147,-1,77,"69438"
196,"spotify:track:5MMrkwK6AgNAsgHVdC7daZ","Dilsinho","Péssimo Negócio (Ao Vivo)","Sony Music Entertainment",14,-1,607,"69380"
197,"spotify:track:31yFXM26dazFnWI2eoOM5R","MC G15, Mc Livinho","Ela Vem","GR6 Music",21,199,383,"69373"
198,"spotify:track:0BVRi6cizWdDrLRmKI0qsw","Os Barões Da Pisadinha","Chupadinha","Sony Music Entertainment",88,198,52,"69353"
199,"spotify:track:22LAwLoDA5b4AaGSkg6bKW","Lil Mosey","Blueberry Faygo","Mogul Vision/Interscope Records",97,196,86,"69144"
200,"spotify:track:3CgZi8DMUftJHK6WL2gKc1","Hungria Hip Hop","Um Pedido","Hungria Hip Hop",19,-1,293,"69056"
